rru
89113864
89113863
89113862
89161859
89161860
89161861
89499287
89499286
89499288
89590148
89790466
89992453
89992452
89992454
90010940
90010939
90010938
90267817
90297562
90311466
90311467
90311468
90361021
90444326
90444344
90444350
90444381
90444385
90444902
90444899
90444909
90444910
90444905
90444918
90444915
90444925
90444927
90444921
90444922
90444895
90444932
90444934
90444929
90444931
90444940
90444942
90444938
90444950
90444947
90444956
90444958
90444952
90444953
90476297
90481510
90481511
90481512
90481513
90494400
90494401
90494402
90494403
90494372
90494373
90494374
90494375
90494368
90494369
90494370
90494371
90494380
90494381
90494382
90494383
90494376
90494377
90494378
90494379
90494388
90494389
90494390
90494391
90494384
90494385
90494386
90494387
90494396
90494397
90494398
90494399
90494392
90494393
90494394
90494395
90507597
90507596
90512629
90512631
90512630
90520967
90520966
90524765
90524767
90524766
90528351
90528549
90528548
90528551
90528550
90528545
90528544
90528547
90528546
90528557
90528556
90528559
90528558
90528553
90528555
90528554
90528565
90528564
90528567
90528566
90528561
90528560
90528563
90528562
90528568
90528533
90528532
90528535
90528534
90528531
90528530
90528541
90528540
90528543
90528542
90528537
90528536
90528539
90528538
90530062
90530165
90530468
90531451
90532739
90532756
90533101
90533100
90533103
90533102
90533099
90533105
90533104
90533106
90534881
90534880
90534883
90534882
90534871
90534877
90534876
90534879
90534878
90534873
90534872
90534875
90534874
90545823
90547612
90547614
90549471
90549445
90549444
90549447
90549446
90549441
90549440
90549443
90549442
90549453
90549452
90549455
90549454
90549449
90549448
90549451
90549450
90549461
90549460
90549463
90549462
90549457
90549456
90549459
90549458
90549469
90549468
90549470
90549465
90549464
90549467
90549466
90549437
90549436
90549439
90549438
90551406
90551765
90551767
90551766
90551828
90551827
90551826
90553384
90553385
90553386
90554830
90554831
90554832
90555735
90555737
90555738
90555739
90555900
90555902
90555903
90555999
90556002
